<?xml version="1.0" encoding="utf-8"?>
<COLLADA xmlns="http://www.collada.org/2005/11/COLLADASchema" version="1.4.1">
<asset>
	<contributor>
		<author>Anonymous</author>
		<authoring_tool>Collada Exporter for Blender 2.6+, by Juan Linietsky (juan@codenix.com)</authoring_tool>
	</contributor>
	<created>2020-07-29T17:41:23Z</created>
	<modified>2020-07-29T17:41:23Z</modified>
	<unit meter="1.0" name="meter"/>
	<up_axis>Z_UP</up_axis>
</asset>
<library_visual_scenes>
	<visual_scene id="id-scene-1" name="scene">
		<node id="Armature" name="Armature" type="NODE">
			<matrix sid="transform"> 0.009999999776482582 0.0 0.0 0.0 0.0 -1.6292067694934076e-09 -0.009999999776482582 0.0 0.0 0.009999999776482582 -1.6292067694934076e-09 0.0 0.0 0.0 0.0 1.0  </matrix>
			<node id="id-bone-3" sid="id-skelbones-2-0" name="root_mta" type="JOINT">
				<matrix sid="transform"> 0.0 1.0 0.0 0.0 1.0 0.0 1.5099580252808664e-07 0.0 1.5099580252808664e-07 0.0 -1.0 0.0 0.0 0.0 0.0 1.0  </matrix>
				<node id="id-bone-4" sid="id-skelbones-2-1" name="waist_dum_mta" type="JOINT">
					<matrix sid="transform"> -2.2799733224976824e-14 1.0 1.5099580252808664e-07 0.0 1.0 0.0 0.0 0.0 0.0 1.5099580252808664e-07 -1.0 0.0 0.0 0.0 0.0 1.0  </matrix>
					<node id="id-bone-5" sid="id-skelbones-2-2" name="torso_1_mta" type="JOINT">
						<matrix sid="transform"> 1.0 0.0 0.0 0.0 0.0 0.9967488646507263 -0.08057066798210144 5.747511863708496 0.0 0.08057066798210144 0.9967489242553711 -1.1779834032058716 0.0 0.0 0.0 1.0  </matrix>
						<node id="id-bone-6" sid="id-skelbones-2-3" name="torso_2_mta" type="JOINT">
							<matrix sid="transform"> 1.0 0.0 0.0 0.0 -2.773777316373252e-22 0.9719305038452148 0.23526768386363983 6.472505569458008 -4.333974045380375e-23 -0.23526769876480103 0.9719305634498596 2.4437904357910156e-06 0.0 0.0 0.0 1.0  </matrix>
							<node id="id-bone-7" sid="id-skelbones-2-4" name="torso_3_mta" type="JOINT">
								<matrix sid="transform"> 1.0 0.0 0.0 0.0 5.377224795833141e-22 0.9955880641937256 0.09383118152618408 6.781675815582275 -1.2278462217584005e-23 -0.09383118152618408 0.9955881834030151 2.384185791015625e-06 0.0 0.0 0.0 1.0  </matrix>
								<node id="id-bone-8" sid="id-skelbones-2-5" name="torso_4_mta" type="JOINT">
									<matrix sid="transform"> 1.0 0.0 0.0 0.0 -8.396513296395449e-22 0.9990909695625305 0.04262843728065491 7.382638454437256 4.766953416747518e-22 -0.04262843728065491 0.9990909695625305 0.0 0.0 0.0 0.0 1.0  </matrix>
									<node id="id-bone-9" sid="id-skelbones-2-6" name="torso_5_mta" type="JOINT">
										<matrix sid="transform"> 1.0 0.0 0.0 0.0 -6.98264130384694e-22 0.9728054404258728 -0.23162439465522766 8.779891014099121 9.263251559921838e-23 0.23162437975406647 0.9728054404258728 -4.76837158203125e-07 0.0 0.0 0.0 1.0  </matrix>
										<node id="id-bone-10" sid="id-skelbones-2-7" name="torso_6_mta" type="JOINT">
											<matrix sid="transform"> 1.0 0.0 0.0 0.0 2.0540329957885945e-22 0.9190465211868286 -0.39414912462234497 10.807873725891113 -4.839895156358853e-23 0.3941490948200226 0.9190465807914734 4.76837158203125e-07 0.0 0.0 0.0 1.0  </matrix>
											<node id="id-bone-11" sid="id-skelbones-2-8" name="torso_7_mta" type="JOINT">
												<matrix sid="transform"> 1.0 0.0 0.0 0.0 5.283355649257124e-22 0.18223974108695984 0.983254075050354 12.095616340637207 1.4884101341965215e-22 -0.983254075050354 0.18223965167999268 -8.106231689453125e-06 0.0 0.0 0.0 1.0  </matrix>
												<node id="id-bone-12" sid="id-skelbones-2-9" name="neck_1_mta" type="JOINT">
													<matrix sid="transform"> 1.0 0.0 0.0 0.0 -4.155280010952263e-22 -0.00011211633682250977 -1.0 2.1457672119140625e-06 -4.247095847255299e-23 1.0 -0.00011217594146728516 -2.9802322387695312e-06 0.0 0.0 0.0 1.0  </matrix>
													<node id="id-bone-13" sid="id-skelbones-2-10" name="neck_2_mta" type="JOINT">
														<matrix sid="transform"> 1.0 0.0 0.0 0.0 -4.280437526731008e-23 0.9902681112289429 0.13917216658592224 4.599034786224365 4.1572267934486038e-22 -0.13917213678359985 0.9902681112289429 5.662441253662109e-07 0.0 0.0 0.0 1.0  </matrix>
														<node id="id-bone-14" sid="id-skelbones-2-11" name="neck_3_mta" type="JOINT">
															<matrix sid="transform"> 1.0 0.0 0.0 0.0 3.8777514238663107e-22 0.9925461411476135 0.12186987698078156 4.598287105560303 1.049958365310101e-21 -0.12186987698078156 0.9925460815429688 -3.814697265625e-06 0.0 0.0 0.0 1.0  </matrix>
															<node id="id-bone-15" sid="id-skelbones-2-12" name="head_mta" type="JOINT">
																<matrix sid="transform"> 1.0 0.0 0.0 0.0 2.479758633360049e-21 0.9645617008209229 0.26385748386383057 4.656513214111328 -3.560465256899178e-22 -0.2638574540615082 0.9645617604255676 7.152557373046875e-07 0.0 0.0 0.0 1.0  </matrix>
															</node>
														</node>
													</node>
												</node>
												<node id="id-bone-16" sid="id-skelbones-2-13" name="l_shoulder_dum_mta" type="JOINT">
													<matrix sid="transform"> 1.0 -9.80339507489214e-12 -8.742277657347586e-08 0.0 9.80633196173697e-12 -1.0 0.00022426247596740723 2.1457672119140625e-06 -8.74227694680485e-08 -0.00022426247596740723 -1.0 -2.9802322387695312e-06 0.0 0.0 0.0 1.0  </matrix>
													<node id="id-bone-17" sid="id-skelbones-2-14" name="l_shoulder_mta" type="JOINT">
														<matrix sid="transform"> 0.1962921917438507 0.9604212045669556 -0.19763734936714172 1.2519259452819824 -0.4947935938835144 -0.07699677348136902 -0.8655927181243896 8.062740325927734 -0.8465511202812195 0.26769888401031494 0.4600962698459625 7.575948715209961 0.0 0.0 0.0 1.0  </matrix>
														<node id="id-bone-18" sid="id-skelbones-2-15" name="l_up_arm_mta" type="JOINT">
															<matrix sid="transform"> 0.8682157397270203 -0.4949593245983124 0.03487833961844444 6.2298903465271 0.4564123749732971 0.8242195248603821 0.3351860046386719 12.798145294189453 -0.19465087354183197 -0.2750948369503021 0.9415060877799988 4.76837158203125e-07 0.0 0.0 0.0 1.0  </matrix>
															<node id="id-bone-19" sid="id-skelbones-2-16" name="l_up_arm_twist_mta" type="JOINT">
																<matrix sid="transform"> 1.0000001192092896 1.0458752512931824e-06 6.28642737865448e-08 1.6819685697555542e-06 -1.0766088962554932e-06 1.0 9.639188647270203e-08 17.112560272216797 -7.869675755500793e-08 -1.1594966053962708e-07 1.0000001192092896 4.708766937255859e-06 0.0 0.0 0.0 1.0  </matrix>
																<node id="id-bone-20" sid="id-skelbones-2-17" name="l_low_arm_mta" type="JOINT">
																	<matrix sid="transform"> 1.0 2.682209014892578e-07 1.4901161193847656e-08 -6.467103958129883e-06 -3.296881914138794e-07 0.8786317706108093 0.477499783039093 17.112539291381836 1.2153759598731995e-07 -0.47749975323677063 0.8786317706108093 3.3229589462280273e-06 0.0 0.0 0.0 1.0  </matrix>
																	<node id="id-bone-21" sid="id-skelbones-2-18" name="l_low_arm_twist_mta" type="JOINT">
																		<matrix sid="transform"> 1.0 -2.2724270820617676e-07 2.5331974029541016e-07 5.602836608886719e-06 2.60770320892334e-07 1.0000001192092896 -7.450580596923828e-08 12.59401798248291 -2.4586915969848633e-07 2.9802322387695312e-08 1.0000001192092896 3.0517578125e-05 0.0 0.0 0.0 1.0  </matrix>
																		<node id="id-bone-22" sid="id-skelbones-2-19" name="l_hand_mta" type="JOINT">
																			<matrix sid="transform"> 0.939671516418457 0.0003044232726097107 0.34207797050476074 7.152557373046875e-07 0.0002130642533302307 -0.9999998807907104 0.00030475854873657227 12.594217300415039 0.3420780301094055 -0.00021339952945709229 -0.939671516418457 7.605552673339844e-05 0.0 0.0 0.0 1.0  </matrix>
																			<node id="id-bone-23" sid="id-skelbones-2-20" name="l_hand_1_dum_mta" type="JOINT">
																				<matrix sid="transform"> 1.0 -6.116926670074463e-05 0.00028398633003234863 7.152557373046875e-07 0.0002839788794517517 0.00011017918586730957 -1.0 6.67572021484375e-06 6.115436553955078e-05 1.0 0.00011010468006134033 4.76837158203125e-07 0.0 0.0 0.0 1.0  </matrix>
																				<node id="id-bone-24" sid="id-skelbones-2-21" name="l_hand_1_mta" type="JOINT">
																					<matrix sid="transform"> 0.9963909387588501 -0.08435162901878357 0.009493009187281132 -0.5176277160644531 0.07166295498609543 0.775981605052948 -0.626671552658081 1.7148776054382324 0.04549446329474449 0.6250900626182556 0.779225766658783 0.27787017822265625 0.0 0.0 0.0 1.0  </matrix>
																					<node id="id-bone-25" sid="id-skelbones-2-22" name="l_up_fing_1_mta" type="JOINT">
																						<matrix sid="transform"> 0.4756375849246979 -0.21244698762893677 0.8536012172698975 -1.430511474609375e-06 0.2946169674396515 0.9528247117996216 0.07297778129577637 1.6198116540908813 -0.8288363218307495 0.21677444875240326 0.5157899260520935 1.5497207641601562e-06 0.0 0.0 0.0 1.0  </matrix>
																						<node id="id-bone-26" sid="id-skelbones-2-23" name="l_mid_fing_1_mta" type="JOINT">
																							<matrix sid="transform"> 0.9711360335350037 -0.07483505457639694 -0.22648270428180695 1.430511474609375e-06 0.07683146744966507 0.9970440864562988 -2.5704503059387207e-07 4.945501327514648 0.22581329941749573 -0.01740073785185814 0.9740150570869446 2.384185791015625e-06 0.0 0.0 0.0 1.0  </matrix>
																							<node id="id-bone-27" sid="id-skelbones-2-24" name="l_low_fing_1_mta" type="JOINT">
																								<matrix sid="transform"> 0.9999999403953552 1.521781086921692e-06 -1.3187527656555176e-06 -0.02021312713623047 -1.6521662473678589e-06 0.9883100986480713 -0.15245665609836578 3.5353264808654785 1.084059476852417e-06 0.1524566411972046 0.9883101582527161 -9.5367431640625e-07 0.0 0.0 0.0 1.0  </matrix>
																							</node>
																						</node>
																					</node>
																				</node>
																			</node>
																			<node id="id-bone-28" sid="id-skelbones-2-25" name="l_hand_2_dum_mta" type="JOINT">
																				<matrix sid="transform"> 1.0 -6.13182783126831e-05 0.0002839714288711548 7.152557373046875e-07 0.00028395652770996094 0.00011005997657775879 -1.0 6.67572021484375e-06 6.133317947387695e-05 1.0 0.00011001527309417725 4.76837158203125e-07 0.0 0.0 0.0 1.0  </matrix>
																				<node id="id-bone-29" sid="id-skelbones-2-26" name="l_hand_2_mta" type="JOINT">
																					<matrix sid="transform"> 0.9634871482849121 -0.03912174701690674 0.2648814916610718 -0.12131166458129883 0.2668735682964325 0.22050854563713074 -0.938165545463562 2.2052178382873535 -0.021705880761146545 0.9746001958847046 0.2228977084159851 1.653576374053955 0.0 0.0 0.0 1.0  </matrix>
																					<node id="id-bone-30" sid="id-skelbones-2-27" name="l_up_fing_2_mta" type="JOINT">
																						<matrix sid="transform"> 0.8572026491165161 -0.4259062707424164 -0.289495050907135 -4.708766937255859e-06 0.39036309719085693 0.9040398597717285 -0.17415118217468262 7.1147942543029785 0.3358871042728424 0.0362745076417923 0.9412035942077637 2.384185791015625e-06 0.0 0.0 0.0 1.0  </matrix>
																						<node id="id-bone-31" sid="id-skelbones-2-28" name="l_mid_fing_2_mta" type="JOINT">
																							<matrix sid="transform"> 0.9645651578903198 -0.26384422183036804 -9.741634130477905e-06 -9.5367431640625e-07 0.26384425163269043 0.9645652174949646 -1.3522803783416748e-06 4.5397491455078125 9.723007678985596e-06 -1.2926757335662842e-06 0.9999998807907104 1.1920928955078125e-06 0.0 0.0 0.0 1.0  </matrix>
																							<node id="id-bone-32" sid="id-skelbones-2-29" name="l_low_fing_2_mta" type="JOINT">
																								<matrix sid="transform"> 0.9564791321754456 -0.29180097579956055 9.164214134216309e-06 0.014541059732437134 0.29180097579956055 0.956479012966156 -4.78699803352356e-07 2.2946553230285645 -8.635222911834717e-06 3.129243850708008e-06 0.9999999403953552 2.384185791015625e-06 0.0 0.0 0.0 1.0  </matrix>
																							</node>
																						</node>
																					</node>
																				</node>
																			</node>
																			<node id="id-bone-33" sid="id-skelbones-2-30" name="l_hand_3_dum_mta" type="JOINT">
																				<matrix sid="transform"> 1.0 0.0002845749258995056 6.045401096343994e-05 7.152557373046875e-07 0.00013611465692520142 -0.9999999403953552 -0.0004936456680297852 6.67572021484375e-06 6.034970283508301e-05 0.00011016428470611572 -0.9999998807907104 4.76837158203125e-07 0.0 0.0 0.0 1.0  </matrix>
																				<node id="id-bone-34" sid="id-skelbones-2-31" name="l_hand_3_mta" type="JOINT">
																					<matrix sid="transform"> 0.9985880255699158 -0.05296434462070465 -0.004097685217857361 0.0525965690612793 0.05312269181013107 0.9956409931182861 0.07665930688381195 2.097994804382324 1.9684433937072754e-05 -0.07676875591278076 0.9970487952232361 -0.8766202926635742 0.0 0.0 0.0 1.0  </matrix>
																					<node id="id-bone-35" sid="id-skelbones-2-32" name="l_up_fing_3_mta" type="JOINT">
																						<matrix sid="transform"> 0.9656728506088257 -0.25447362661361694 -0.052146196365356445 -3.337860107421875e-06 0.24723570048809052 0.9619831442832947 -0.11603055894374847 6.70051383972168 0.07969047129154205 0.09915510565042496 0.9918758869171143 -1.9073486328125e-06 0.0 0.0 0.0 1.0  </matrix>
																						<node id="id-bone-36" sid="id-skelbones-2-33" name="l_mid_fing_3_mta" type="JOINT">
																							<matrix sid="transform"> 0.9197333455085754 -0.392543762922287 -0.00011110678315162659 0.0 0.392543762922287 0.9197332859039307 -9.473040699958801e-05 4.607624053955078 0.00013938546180725098 4.344619810581207e-05 1.0 -2.1457672119140625e-06 0.0 0.0 0.0 1.0  </matrix>
																							<node id="id-bone-37" sid="id-skelbones-2-34" name="l_low_fing_3_mta" type="JOINT">
																								<matrix sid="transform"> 0.8958601355552673 -0.4443363547325134 -6.661005318164825e-05 0.023588262498378754 0.44433632493019104 0.8958601355552673 -0.00015189219266176224 2.6179919242858887 0.0001271665096282959 0.00010651350021362305 1.0 -1.1920928955078125e-06 0.0 0.0 0.0 1.0  </matrix>
																							</node>
																						</node>
																					</node>
																				</node>
																			</node>
																			<node id="id-bone-38" sid="id-skelbones-2-35" name="l_hand_4_dum_mta" type="JOINT">
																				<matrix sid="transform"> 1.0 0.00028458982706069946 6.057322025299072e-05 7.152557373046875e-07 0.00013628602027893066 -0.9999998807907104 -0.0004933476448059082 6.67572021484375e-06 6.048381328582764e-05 0.00011010468006134033 -0.9999998211860657 4.76837158203125e-07 0.0 0.0 0.0 1.0  </matrix>
																				<node id="id-bone-39" sid="id-skelbones-2-36" name="l_hand_4_mta" type="JOINT">
																					<matrix sid="transform"> 0.9447873830795288 -0.1435513198375702 -0.2945670485496521 0.02471017837524414 0.1389916092157364 0.989621639251709 -0.036473944783210754 2.052173137664795 0.29674583673477173 -0.006482154130935669 0.9549345970153809 0.5840935707092285 0.0 0.0 0.0 1.0  </matrix>
																					<node id="id-bone-40" sid="id-skelbones-2-37" name="l_up_fing_4_mta" type="JOINT">
																						<matrix sid="transform"> 0.9807249903678894 -0.077121302485466 0.17952901124954224 -1.6689300537109375e-06 0.1099010705947876 0.9774178266525269 -0.18048906326293945 6.2774786949157715 -0.16155532002449036 0.1967405080795288 0.9670537710189819 -4.76837158203125e-07 0.0 0.0 0.0 1.0  </matrix>
																						<node id="id-bone-41" sid="id-skelbones-2-38" name="l_mid_fing_4_mta" type="JOINT">
																							<matrix sid="transform"> 0.8868592381477356 -0.46203964948654175 -0.00014602020382881165 5.9604644775390625e-06 0.46203967928886414 0.8868592381477356 -9.432435035705566e-05 4.28809928894043 0.00017309561371803284 1.6207806766033173e-05 1.0 -1.9073486328125e-06 0.0 0.0 0.0 1.0  </matrix>
																							<node id="id-bone-42" sid="id-skelbones-2-39" name="l_low_fing_4_mta" type="JOINT">
																								<matrix sid="transform"> 0.9664574861526489 -0.256827175617218 -5.526840686798096e-05 0.027278274297714233 0.256827175617218 0.9664573073387146 -6.851973012089729e-05 2.662792444229126 7.100775837898254e-05 5.206838250160217e-05 1.0 -7.987022399902344e-06 0.0 0.0 0.0 1.0  </matrix>
																							</node>
																						</node>
																					</node>
																				</node>
																			</node>
																			<node id="id-bone-43" sid="id-skelbones-2-40" name="l_hand_5_dum_mta" type="JOINT">
																				<matrix sid="transform"> 1.0 6.119906902313232e-05 -0.00028389692306518555 7.152557373046875e-07 0.00028389692306518555 -0.00011014938354492188 0.9999998807907104 6.67572021484375e-06 6.119906902313232e-05 -1.0 -0.00011013448238372803 4.76837158203125e-07 0.0 0.0 0.0 1.0  </matrix>
																				<node id="id-bone-44" sid="id-skelbones-2-41" name="l_hand_5_mta" type="JOINT">
																					<matrix sid="transform"> 0.7715180516242981 -0.1819218099117279 -0.6096428036689758 -0.7774832248687744 0.6298749446868896 0.0835520476102829 0.7721894979476929 1.9777064323425293 -0.08954120427370071 -0.9797567129135132 0.17904996871948242 -1.8024005889892578 0.0 0.0 0.0 1.0  </matrix>
																					<node id="id-bone-45" sid="id-skelbones-2-42" name="l_up_fing_5_mta" type="JOINT">
																						<matrix sid="transform"> 0.9123786091804504 0.04144854471087456 0.40724366903305054 -4.291534423828125e-06 0.07204928994178772 0.9630687236785889 -0.25943705439567566 5.630805015563965 -0.40295684337615967 0.266046404838562 0.8756967782974243 1.9073486328125e-06 0.0 0.0 0.0 1.0  </matrix>
																						<node id="id-bone-46" sid="id-skelbones-2-43" name="l_mid_fing_5_mta" type="JOINT">
																							<matrix sid="transform"> 0.938099205493927 -0.34636664390563965 -1.1436641216278076e-05 -2.4437904357910156e-06 0.34636667370796204 0.9380991458892822 -2.652406692504883e-06 4.1854095458984375 1.1671334505081177e-05 -1.4873221516609192e-06 1.0 1.7285346984863281e-06 0.0 0.0 0.0 1.0  </matrix>
																							<node id="id-bone-47" sid="id-skelbones-2-44" name="l_low_fing_5_mta" type="JOINT">
																								<matrix sid="transform"> 0.9695066213607788 -0.24506500363349915 6.951391696929932e-06 0.013894441537559032 0.24506498873233795 0.9695066809654236 -2.139247953891754e-06 2.2465567588806152 -6.239861249923706e-06 3.773719072341919e-06 0.9999999403953552 -1.2665987014770508e-07 0.0 0.0 0.0 1.0  </matrix>
																							</node>
																						</node>
																					</node>
																				</node>
																			</node>
																		</node>
																	</node>
																</node>
															</node>
														</node>
													</node>
												</node>
												<node id="id-bone-48" sid="id-skelbones-2-45" name="r_shoulder_dum_mta" type="JOINT">
													<matrix sid="transform"> 1.0 0.0 0.0 0.0 -4.155280010952263e-22 -0.9999998807907104 0.00011217594146728516 2.1457672119140625e-06 -4.247095847255299e-23 -0.00011214613914489746 -1.0 -2.9802322387695312e-06 0.0 0.0 0.0 1.0  </matrix>
													<node id="id-bone-49" sid="id-skelbones-2-46" name="r_shoulder_mta" type="JOINT">
														<matrix sid="transform"> -0.19628500938415527 -0.9604243636131287 -0.19762924313545227 -1.2519177198410034 -0.49469688534736633 -0.07702358067035675 0.8656455874443054 8.061861991882324 -0.8466091752052307 0.26767978072166443 -0.46000030636787415 7.57560396194458 0.0 0.0 0.0 1.0  </matrix>
														<node id="id-bone-50" sid="id-skelbones-2-47" name="r_up_arm_mta" type="JOINT">
															<matrix sid="transform"> -0.8682129383087158 -0.4949641823768616 0.0348781943321228 6.229875087738037 -0.4564186930656433 0.8242196440696716 0.33517739176750183 12.79812240600586 -0.19464808702468872 0.2750864028930664 -0.9415091872215271 -7.3909759521484375e-06 0.0 0.0 0.0 1.0  </matrix>
															<node id="id-bone-51" sid="id-skelbones-2-48" name="r_up_arm_twist_mta" type="JOINT">
																<matrix sid="transform"> 1.0 1.7229467630386353e-06 7.636845111846924e-08 3.077089786529541e-06 -1.7061829566955566e-06 1.0000001192092896 -1.4808028936386108e-07 17.112512588500977 -8.102506399154663e-08 1.3131648302078247e-07 1.0 4.947185516357422e-06 0.0 0.0 0.0 1.0  </matrix>
																<node id="id-bone-52" sid="id-skelbones-2-49" name="r_low_arm_mta" type="JOINT">
																	<matrix sid="transform"> 1.0000001192092896 -7.078051567077637e-08 3.501772880554199e-07 -1.0877847671508789e-05 -1.5366822481155396e-07 0.8786317706108093 0.4775000512599945 17.11254119873047 -3.2084062695503235e-07 -0.47749999165534973 0.8786317706108093 5.5283308029174805e-06 0.0 0.0 0.0 1.0  </matrix>
																	<node id="id-bone-53" sid="id-skelbones-2-50" name="r_low_arm_twist_mta" type="JOINT">
																		<matrix sid="transform"> 1.0 2.0489096641540527e-07 -3.725290298461914e-07 -3.0994415283203125e-06 -1.3783574104309082e-07 1.0 8.940696716308594e-08 12.59400749206543 3.8743019104003906e-07 -1.4901161193847656e-07 1.0000001192092896 2.7179718017578125e-05 0.0 0.0 0.0 1.0  </matrix>
																		<node id="id-bone-54" sid="id-skelbones-2-51" name="r_hand_mta" type="JOINT">
																			<matrix sid="transform"> 0.9396985769271851 -0.3420039713382721 2.0023435354232788e-05 1.7881393432617188e-06 6.302446126937866e-05 0.0002317279577255249 1.0 12.594213485717773 -0.3420040011405945 -0.9396985769271851 0.00023914873600006104 8.153915405273438e-05 0.0 0.0 0.0 1.0  </matrix>
																			<node id="id-bone-55" sid="id-skelbones-2-52" name="r_hand_1_dum_mta" type="JOINT">
																				<matrix sid="transform"> 0.9999999403953552 -1.774728298187256e-05 -7.5623393058776855e-06 2.6226043701171875e-06 1.773238182067871e-05 1.0 3.637373447418213e-05 3.814697265625e-06 7.53253698348999e-06 -3.6329030990600586e-05 0.9999999403953552 -2.86102294921875e-06 0.0 0.0 0.0 1.0  </matrix>
																				<node id="id-bone-56" sid="id-skelbones-2-53" name="r_hand_1_mta" type="JOINT">
																					<matrix sid="transform"> 0.9963908195495605 0.08435216546058655 -0.009493701159954071 0.5176255702972412 -0.07166382670402527 0.775981605052948 -0.6266712546348572 1.7148747444152832 -0.04549413174390793 0.6250897645950317 0.7792258858680725 0.2778611183166504 0.0 0.0 0.0 1.0  </matrix>
																					<node id="id-bone-57" sid="id-skelbones-2-54" name="r_up_fing_1_mta" type="JOINT">
																						<matrix sid="transform"> 0.4756365418434143 0.2124478816986084 -0.8536016345024109 -9.5367431640625e-07 -0.2946169078350067 0.9528248310089111 0.07297908514738083 1.619805097579956 0.828836977481842 0.21677391231060028 0.5157890319824219 -1.1920928955078125e-07 0.0 0.0 0.0 1.0  </matrix>
																						<node id="id-bone-58" sid="id-skelbones-2-55" name="r_mid_fing_1_mta" type="JOINT">
																							<matrix sid="transform"> 0.9711369276046753 0.07483325153589249 0.22648024559020996 1.430511474609375e-06 -0.07682918012142181 0.9970443844795227 -1.737847924232483e-06 4.945508003234863 -0.22581098973751068 -0.01739860698580742 0.9740157723426819 -1.0728836059570312e-06 0.0 0.0 0.0 1.0  </matrix>
																							<node id="id-bone-59" sid="id-skelbones-2-56" name="r_low_fing_1_mta" type="JOINT">
																								<matrix sid="transform"> 0.9899066090583801 0.14172112941741943 1.6577541828155518e-06 0.020214080810546875 -0.14172112941741943 0.9899065494537354 6.295740604400635e-06 3.535330057144165 -7.450580596923828e-07 -6.470829248428345e-06 1.0 -8.58306884765625e-06 0.0 0.0 0.0 1.0  </matrix>
																							</node>
																						</node>
																					</node>
																				</node>
																			</node>
																			<node id="id-bone-60" sid="id-skelbones-2-57" name="r_hand_2_dum_mta" type="JOINT">
																				<matrix sid="transform"> 0.9999999403953552 -1.74790620803833e-05 -7.770955562591553e-06 2.6226043701171875e-06 1.749396324157715e-05 1.0 3.6776065826416016e-05 3.814697265625e-06 7.763504981994629e-06 -3.673136234283447e-05 0.9999999403953552 -2.86102294921875e-06 0.0 0.0 0.0 1.0  </matrix>
																				<node id="id-bone-61" sid="id-skelbones-2-58" name="r_hand_2_mta" type="JOINT">
																					<matrix sid="transform"> 0.963486909866333 0.0391220897436142 -0.2648821473121643 0.12131476402282715 -0.26687443256378174 0.2205088883638382 -0.9381653070449829 2.2052154541015625 0.021705903112888336 0.9746003150939941 0.2228979468345642 1.653578281402588 0.0 0.0 0.0 1.0  </matrix>
																					<node id="id-bone-62" sid="id-skelbones-2-59" name="r_up_fing_2_mta" type="JOINT">
																						<matrix sid="transform"> 0.8572019338607788 0.42590591311454773 0.28949788212776184 1.1920928955078125e-06 -0.3903619349002838 0.9040398597717285 -0.17415308952331543 7.1147942543029785 -0.3358905017375946 0.036275289952754974 0.9412021636962891 -9.5367431640625e-07 0.0 0.0 0.0 1.0  </matrix>
																						<node id="id-bone-63" sid="id-skelbones-2-60" name="r_mid_fing_2_mta" type="JOINT">
																							<matrix sid="transform"> 0.9645641446113586 0.26384881138801575 -5.681067705154419e-06 1.430511474609375e-06 -0.26384881138801575 0.9645639657974243 2.8423964977264404e-06 4.539740085601807 6.232410669326782e-06 -1.1809170246124268e-06 1.0000001192092896 -1.1920928955078125e-06 0.0 0.0 0.0 1.0  </matrix>
																							<node id="id-bone-64" sid="id-skelbones-2-61" name="r_low_fing_2_mta" type="JOINT">
																								<matrix sid="transform"> 0.9564803242683411 0.2917967438697815 3.810971975326538e-06 -0.014542967081069946 -0.2917967438697815 0.9564803242683411 -1.4156103134155273e-07 2.2946605682373047 -3.6507844924926758e-06 -9.834766387939453e-07 1.0000001192092896 -1.430511474609375e-06 0.0 0.0 0.0 1.0  </matrix>
																							</node>
																						</node>
																					</node>
																				</node>
																			</node>
																			<node id="id-bone-65" sid="id-skelbones-2-62" name="r_hand_3_dum_mta" type="JOINT">
																				<matrix sid="transform"> 0.9999999403953552 -7.323920726776123e-06 1.6137957572937012e-05 2.6226043701171875e-06 1.6123056411743164e-05 3.7476420402526855e-05 -1.0 3.814697265625e-06 7.3015689849853516e-06 1.0 3.758072853088379e-05 -2.86102294921875e-06 0.0 0.0 0.0 1.0  </matrix>
																				<node id="id-bone-66" sid="id-skelbones-2-63" name="r_hand_3_mta" type="JOINT">
																					<matrix sid="transform"> 0.9990692734718323 0.043007366359233856 0.0033005625009536743 0.015815258026123047 -0.043133825063705444 0.9961429834365845 0.07641114294528961 2.0642576217651367 -1.6689300537109375e-06 -0.07648241519927979 0.9970709085464478 -0.8762283325195312 0.0 0.0 0.0 1.0  </matrix>
																					<node id="id-bone-67" sid="id-skelbones-2-64" name="r_up_fing_3_mta" type="JOINT">
																						<matrix sid="transform"> 0.9631004929542542 0.26413804292678833 0.05165819823741913 -1.6689300537109375e-06 -0.25689491629600525 0.9594237208366394 -0.11623771488666534 6.730442047119141 -0.08026479184627533 0.09867791086435318 0.9918770790100098 9.5367431640625e-07 0.0 0.0 0.0 1.0  </matrix>
																						<node id="id-bone-68" sid="id-skelbones-2-65" name="r_mid_fing_3_mta" type="JOINT">
																							<matrix sid="transform"> 0.9197121858596802 0.39259350299835205 -3.330409526824951e-06 4.76837158203125e-07 -0.39259353280067444 0.9197120070457458 3.2261013984680176e-06 4.607454299926758 4.338100552558899e-06 -1.6363337635993958e-06 1.0000001192092896 -2.384185791015625e-07 0.0 0.0 0.0 1.0  </matrix>
																							<node id="id-bone-69" sid="id-skelbones-2-66" name="r_low_fing_3_mta" type="JOINT">
																								<matrix sid="transform"> 0.8958278298377991 0.4444011449813843 8.158385753631592e-07 -0.02358981966972351 -0.44440117478370667 0.8958278894424438 -1.8132850527763367e-06 2.6178040504455566 -1.5795230865478516e-06 1.341104507446289e-06 1.0 2.5033950805664062e-06 0.0 0.0 0.0 1.0  </matrix>
																							</node>
																						</node>
																					</node>
																				</node>
																			</node>
																			<node id="id-bone-70" sid="id-skelbones-2-67" name="r_hand_4_dum_mta" type="JOINT">
																				<matrix sid="transform"> 1.0 -7.972121238708496e-06 1.8134713172912598e-05 2.6226043701171875e-06 1.811981201171875e-05 3.6910176277160645e-05 -1.0 3.814697265625e-06 8.009374141693115e-06 1.0 3.680586814880371e-05 -2.86102294921875e-06 0.0 0.0 0.0 1.0  </matrix>
																				<node id="id-bone-71" sid="id-skelbones-2-68" name="r_hand_4_mta" type="JOINT">
																					<matrix sid="transform"> 0.9448030591011047 0.14355428516864777 0.2945149540901184 -0.0247039794921875 -0.1389964520931244 0.989621102809906 -0.036466993391513824 2.052398204803467 -0.29669317603111267 -0.0064823925495147705 0.954950749874115 0.5840954780578613 0.0 0.0 0.0 1.0  </matrix>
																					<node id="id-bone-72" sid="id-skelbones-2-69" name="r_up_fing_4_mta" type="JOINT">
																						<matrix sid="transform"> 0.9807220697402954 0.07712498307228088 -0.17954377830028534 -1.6689300537109375e-06 -0.10990586131811142 0.977419376373291 -0.18047761917114258 6.2773284912109375 0.161570206284523 0.19673126935958862 0.967053234577179 2.384185791015625e-07 0.0 0.0 0.0 1.0  </matrix>
																						<node id="id-bone-73" sid="id-skelbones-2-70" name="r_mid_fing_4_mta" type="JOINT">
																							<matrix sid="transform"> 0.8868349194526672 0.46208637952804565 -2.868473529815674e-07 -2.384185791015625e-07 -0.46208643913269043 0.8868348598480225 -6.146728992462158e-08 4.288187503814697 2.1606683731079102e-07 1.648440957069397e-07 0.9999999403953552 -1.7881393432617188e-06 0.0 0.0 0.0 1.0  </matrix>
																							<node id="id-bone-74" sid="id-skelbones-2-71" name="r_low_fing_4_mta" type="JOINT">
																								<matrix sid="transform"> 0.9664450883865356 0.25687363743782043 1.30385160446167e-08 -0.02726791799068451 -0.25687363743782043 0.9664450287818909 -4.889443516731262e-09 2.6626546382904053 -2.2351741790771484e-08 4.284083843231201e-08 1.0 -7.748603820800781e-07 0.0 0.0 0.0 1.0  </matrix>
																							</node>
																						</node>
																					</node>
																				</node>
																			</node>
																			<node id="id-bone-75" sid="id-skelbones-2-72" name="r_hand_5_dum_mta" type="JOINT">
																				<matrix sid="transform"> 0.9999999403953552 3.497302532196045e-05 8.255243301391602e-06 2.6226043701171875e-06 3.497302532196045e-05 -0.9999999403953552 -7.334351539611816e-05 3.814697265625e-06 8.27014446258545e-06 7.329881191253662e-05 -1.0 -2.86102294921875e-06 0.0 0.0 0.0 1.0  </matrix>
																				<node id="id-bone-76" sid="id-skelbones-2-73" name="r_hand_5_mta" type="JOINT">
																					<matrix sid="transform"> 0.7715288400650024 0.1819208562374115 0.6096294522285461 0.7775049209594727 -0.6298646926879883 0.08359069377183914 0.7721934914588928 1.9777841567993164 0.08951877057552338 -0.9797537326812744 0.17907816171646118 -1.8024277687072754 0.0 0.0 0.0 1.0  </matrix>
																					<node id="id-bone-77" sid="id-skelbones-2-74" name="r_up_fing_5_mta" type="JOINT">
																						<matrix sid="transform"> 0.9123783111572266 -0.04144810512661934 -0.4072440564632416 3.1888484954833984e-06 -0.07205052673816681 0.9630682468414307 -0.2594382166862488 5.630801200866699 0.40295711159706116 0.2660478949546814 0.8756963610649109 -5.245208740234375e-06 0.0 0.0 0.0 1.0  </matrix>
																						<node id="id-bone-78" sid="id-skelbones-2-75" name="r_mid_fing_5_mta" type="JOINT">
																							<matrix sid="transform"> 0.9380992650985718 0.3463664948940277 8.23289155960083e-06 -4.0531158447265625e-06 -0.3463664650917053 0.9380993247032166 1.043081283569336e-07 4.185412406921387 -7.68899917602539e-06 -2.969754859805107e-06 1.0000001192092896 -1.5497207641601562e-06 0.0 0.0 0.0 1.0  </matrix>
																							<node id="id-bone-79" sid="id-skelbones-2-76" name="r_low_fing_5_mta" type="JOINT">
																								<matrix sid="transform"> 0.9695066213607788 0.24506528675556183 -6.0033053159713745e-06 -0.013894137926399708 -0.24506527185440063 0.969506561756134 -1.4682300388813019e-06 2.2465553283691406 5.476176738739014e-06 2.8721988201141357e-06 1.0 7.003545761108398e-07 0.0 0.0 0.0 1.0  </matrix>
																							</node>
																						</node>
																					</node>
																				</node>
																			</node>
																		</node>
																	</node>
																</node>
															</node>
														</node>
													</node>
												</node>
											</node>
										</node>
									</node>
								</node>
							</node>
						</node>
					</node>
				</node>
				<node id="id-bone-80" sid="id-skelbones-2-77" name="l_up_leg_dum_mta" type="JOINT">
					<matrix sid="transform"> 1.0 0.0 -6.357302595461078e-08 0.0 0.0 1.0 0.0 0.0 6.357302595461078e-08 0.0 1.0 0.0 0.0 0.0 0.0 1.0  </matrix>
					<node id="id-bone-81" sid="id-skelbones-2-78" name="l_up_leg_mta" type="JOINT">
						<matrix sid="transform"> 0.05513903126120567 -0.9928073883056641 0.10626838356256485 -4.768138885498047 0.9610317945480347 0.023895444348454475 -0.27540290355682373 9.451390266418457 0.2708827257156372 0.1173127293586731 0.9554372429847717 -2.079683780670166 0.0 0.0 0.0 1.0  </matrix>
						<node id="id-bone-82" sid="id-skelbones-2-79" name="l_low_leg_mta" type="JOINT">
							<matrix sid="transform"> 1.0 1.7369166016578674e-07 3.741239197552204e-06 -9.648501873016357e-06 -5.438923835754395e-07 0.9953961372375488 0.09584562480449677 42.80966567993164 -3.7495046854019165e-06 -0.09584563970565796 0.9953961372375488 -2.7839155197143555 0.0 0.0 0.0 1.0  </matrix>
							<node id="id-bone-83" sid="id-skelbones-2-80" name="l_foot_mta" type="JOINT">
								<matrix sid="transform"> 0.9984753131866455 -0.002970479428768158 -0.05512082576751709 -1.71661376953125e-05 0.05512058362364769 -0.00016445200890302658 0.9984796047210693 43.05527877807617 -0.0029750047251582146 -0.9999955296516418 -4.077446646988392e-07 2.794024705886841 0.0 0.0 0.0 1.0  </matrix>
								<node id="id-bone-84" sid="id-skelbones-2-81" name="l_toes_mta" type="JOINT">
									<matrix sid="transform"> 0.9902681708335876 -0.13917276263237 6.996924639679492e-08 9.022420272231102e-06 0.13917276263237 0.9902681112289429 -1.0285293683409691e-07 14.176958084106445 -5.51808625459671e-08 1.1097290553152561e-07 1.0 9.603515625 0.0 0.0 0.0 1.0  </matrix>
								</node>
							</node>
						</node>
					</node>
				</node>
				<node id="id-bone-85" sid="id-skelbones-2-82" name="r_up_leg_dum_mta" type="JOINT">
					<matrix sid="transform"> 1.0 0.0 1.5099580252808664e-07 0.0 0.0 -1.0 0.0 0.0 1.5099580252808664e-07 0.0 -1.0 0.0 0.0 0.0 0.0 1.0  </matrix>
					<node id="id-bone-86" sid="id-skelbones-2-83" name="r_up_leg_mta" type="JOINT">
						<matrix sid="transform"> -0.05513882637023926 -0.9928072690963745 0.10626843571662903 -4.768138885498047 -0.9610316753387451 0.023895416408777237 -0.2754032015800476 9.451390266418457 0.27088305354118347 -0.11731275916099548 -0.9554371237754822 2.079683303833008 0.0 0.0 0.0 1.0  </matrix>
						<node id="id-bone-87" sid="id-skelbones-2-84" name="r_low_leg_mta" type="JOINT">
							<matrix sid="transform"> 1.0 -2.6868656277656555e-07 -9.342329576611519e-08 7.696449756622314e-06 2.7939677238464355e-07 0.9953961372375488 0.09584562480449677 42.80966567993164 6.752088665962219e-08 -0.09584560990333557 0.995396077632904 -2.7839150428771973 0.0 0.0 0.0 1.0  </matrix>
							<node id="id-bone-88" sid="id-skelbones-2-85" name="r_foot_mta" type="JOINT">
								<matrix sid="transform"> 0.998475193977356 0.002973490860313177 0.055120766162872314 7.867813110351562e-06 -0.05512052774429321 -0.00016440171748399734 0.9984795451164246 43.05529022216797 0.002978075295686722 -0.9999955296516418 -1.3998942449688911e-07 2.7940256595611572 0.0 0.0 0.0 1.0  </matrix>
								<node id="id-bone-89" sid="id-skelbones-2-86" name="r_toes_mta" type="JOINT">
									<matrix sid="transform"> 0.9902681708335876 0.13917283713817596 -7.370454113697633e-08 -3.4868717193603516e-06 -0.13917282223701477 0.9902682304382324 -4.563480615615845e-08 14.176959991455078 6.647314876317978e-08 5.5762939155101776e-08 1.0 9.603521347045898 0.0 0.0 0.0 1.0  </matrix>
								</node>
							</node>
						</node>
					</node>
				</node>
			</node>
			<node id="id-bone-90" sid="id-skelbones-2-87" name="root_SDpropBox50x30x40_a" type="JOINT">
				<matrix sid="transform"> 1.0 0.0 0.0 0.0 0.0 1.0 0.0 0.0 0.0 0.0 1.0 0.0 0.0 0.0 0.0 1.0  </matrix>
			</node>
		</node>
	</visual_scene>
</library_visual_scenes>
<scene>
	<instance_visual_scene url="#id-scene-1" />
</scene>
</COLLADA>
