[gd_scene load_steps=9 format=3 uid="uid://dt6brv56tqgxm"]

[ext_resource type="Script" path="res://main.gd" id="1_dv3uk"]
[ext_resource type="Script" path="res://addons/control_camera3d/nodes/control_camera_3d.gd" id="2_s6hkr"]
[ext_resource type="PackedScene" uid="uid://mnroyy76mepy" path="res://gui_panel.tscn" id="3_343vw"]

[sub_resource type="WorldBoundaryShape3D" id="WorldBoundaryShape3D_4525d"]

[sub_resource type="BoxShape3D" id="BoxShape3D_mc50h"]
size = Vector3(1.3, 1.3, 1.3)

[sub_resource type="BoxShape3D" id="BoxShape3D_ovjns"]
size = Vector3(1.269, 1.091, 0.5)

[sub_resource type="SphereShape3D" id="SphereShape3D_3grkh"]
radius = 0.941533

[sub_resource type="StandardMaterial3D" id="StandardMaterial3D_jsp7c"]
cull_mode = 2
albedo_color = Color(0.905882, 0, 0.509804, 1)
metallic = 0.11
roughness = 0.27

[node name="Node3D" type="Node3D"]
script = ExtResource("1_dv3uk")

[node name="StaticBody3D" type="StaticBody3D" parent="."]

[node name="CollisionShape3D" type="CollisionShape3D" parent="StaticBody3D"]
transform = Transform3D(1, 0, 0, 0, 1, 0, 0, 0, 1, 0, -0.41755, 0)
shape = SubResource("WorldBoundaryShape3D_4525d")

[node name="CollisionShape3D2" type="CollisionShape3D" parent="StaticBody3D"]
transform = Transform3D(1, 0, 0, 0, 1, 0, 0, 0, 1, 0, 0.0114083, 0)
shape = SubResource("BoxShape3D_mc50h")

[node name="CollisionShape3D3" type="CollisionShape3D" parent="StaticBody3D"]
transform = Transform3D(1, 0, 0, 0, 0.959771, 0.280784, 0, -0.280784, 0.959771, 0, 0.955757, -0.835845)
shape = SubResource("BoxShape3D_ovjns")

[node name="CollisionShape3D4" type="CollisionShape3D" parent="StaticBody3D"]
transform = Transform3D(1, 0, 0, 0, 1, 0, 0, 0, 1, 1.82782, 0, 0)
shape = SubResource("SphereShape3D_3grkh")

[node name="MeshInstance3D" type="MeshInstance3D" parent="."]
material_override = SubResource("StandardMaterial3D_jsp7c")

[node name="ControlCamera3D" type="Camera3D" parent="."]
transform = Transform3D(1, 0, 0, 0, 0.862551, 0.505971, 0, -0.505971, 0.862551, 0, 3.06732, 5.22899)
current = true
script = ExtResource("2_s6hkr")

[node name="DirectionalLight3D" type="DirectionalLight3D" parent="."]
transform = Transform3D(0.867019, -0.0224817, -0.497769, 0.498276, 0.039119, 0.866136, 0, -0.998982, 0.0451189, 0, 7.02693, 0)

[node name="gui_panel" parent="." instance=ExtResource("3_343vw")]

[connection signal="value_changed" from="gui_panel" to="." method="_on_gui_panel_value_changed"]
